12904								
GOLDN_TEMPLE_ML	35	1	1	1	1	1	1	1
ASR	21    25	0	1					
BEAS	21    55	43	1					
JUC	22    38	79	1					
JRC	22    48	84	1					
PGW	23    05	100	1					
LDH	23    58	136	1					
UMB	02    00	250	2					
JUD	02    40	301	2					
SRE	03    40	331	2					
MOZ	04    25	389	2					
MUT	05    00	440	2					
MTC	05    14	444	2					
GZB	06    20	492	2					
NZM	07    35	515	2					
FDB	07    56	535	2					
MTJ	10    00	648	2					
BTE	10    30	681	2					
BXN	11    00	723	2					
HAN	11    25	756	2					
SMBJ	11    36	766	2					
GGC	12    10	801	2					
SWM	13    00	864	2					
KOTA	14    25	972	2					
BWM	15    47	1072	2					
SGZ	16    13	1105	2					
NAD	17    57	1197	2					
RTM	19    10	1238	2					
MGN	20    13	1319	2					
DHD	20    37	1352	2					
GDA	22    02	1426	2					
BRC	23    30	1500	2					
ST	01    20	1629	3					
BVI	04    28	1861	3					
DDR	04    58	1885	3					
BCT	05    20	1891	3					
12618								
MNGLA_LKSDP_EXP	47	1	1	1	1	1	1	1
NZM	09    15	0	1					
FDB	09    36	21	1					
MTJ	11    11	134	1					
AGC	12    10	188	1					
MRA	13    22	268	1					
GWL	14    00	306	1					
JHS	15    40	403	1					
BINA	17    40	556	1					
BPL	19    45	694	1					
ET	21    40	786	1					
KNW	00    15	969	2					
BAU	01    10	1038	2					
BSL	02    05	1093	2					
MMR	04    25	1277	2					
NK	05    20	1350	2					
IGP	06    45	1400	2					
KYN	08    35	1484	2					
PNVL	09    30	1520	2					
CHI	13    02	1776	2					
RN	15    10	1882	2					
KKW	16    40	2038	2					
THVM	17    58	2152	2					
MAO	19    20	2217	2					
KAWR	20    38	2299	2					
BTJL	22    00	2452	2					
KUDA	22    42	2521	2					
UD	23    06	2566	2					
MAJN	00    50	2647	3					
KGQ	01    30	2699	3					
KZE	01    55	2722	3					
NLE	02    05	2731	3					
PAY	02    25	2751	3					
PAZ	02    35	2762	3					
CAN	03    05	2784	3					
TLY	03    30	2805	3					
BDJ	03    50	2827	3					
QLD	04    05	2849	3					
CLT	04    45	2873	3					
FK	05    05	2883	3					
PGI	05    20	2898	3					
TIR	05    40	2914	3					
KTU	06    00	2929	3					
PTB	06    20	2948	3					
SRR	07    15	2959	3					
TCR	07    50	2992	3					
AWY	08    45	3047	3					
ERS	10    00	3066	3					
12215								
DEE_BDTS_G_RATH	18	0	1	1	0	1	0	1
DEE	09    20	0	1					
DEC	09    38	10	1					
GGN	09    55	27	1					
RE	10    50	78	1					
AWR	11    45	153	1					
JP	14    20	303	1					
AII	16    40	438	1					
FA	19    17	644	1					
ABR	21    20	743	1					
PNU	22    17	796	1					
GNC	00    12	923	2					
ADI	01    30	951	2					
ND	02    15	997	2					
BRC	03    13	1051	2					
BH	03    58	1121	2					
ST	04    51	1180	2					
BVI	07    30	1413	2					
BDTS	08    10	1431	2					
22654								
NZM_TVC_SF_EXP	28	0	1	0	0	0	0	0
NZM	10    05	0	1					
MTJ	12    15	134	1					
BTE	12    44	167	1					
SWM	14    53	350	1					
KOTA	16    25	458	1					
RTM	20    30	724	1					
BRC	01    22	986	2					
BH	02    11	1056	2					
ST	03    10	1115	2					
VAPI	04    26	1207	2					
DRD	05    10	1258	2					
BSR	06    45	1330	2					
PNVL	08    10	1397	2					
RN	14    35	1759	2					
KRMI	18    48	2054	2					
MAO	19    45	2094	2					
KAWR	20    58	2176	2					
UD	23    40	2443	2					
MAJN	01    30	2524	3					
CAN	03    25	2661	3					
CLT	04    55	2750	3					
SRR	06    40	2836	3					
TCR	07    25	2869	3					
ERN	09    10	2941	3					
KTYM	10    45	3003	3					
KYJ	11    50	3058	3					
QLN	12    35	3099	3					
TVC	14    20	3163	3					
22656								
NZM_TVC_SF_EXP	28	0	0	0	0	0	1	0
NZM	10    05	0	1					
MTJ	12    15	134	1					
BTE	12    44	167	1					
SWM	14    53	350	1					
KOTA	16    25	458	1					
RTM	20    30	724	1					
BRC	01    22	986	2					
BH	02    11	1056	2					
ST	03    10	1115	2					
VAPI	04    26	1207	2					
DRD	05    10	1258	2					
BSR	06    45	1330	2					
PNVL	08    10	1397	2					
RN	14    35	1759	2					
KRMI	18    48	2054	2					
MAO	19    45	2094	2					
KAWR	20    58	2176	2					
UD	23    40	2443	2					
MAJN	01    30	2524	3					
CAN	03    25	2661	3					
CLT	04    55	2750	3					
SRR	06    40	2836	3					
TCR	07    25	2869	3					
ERS	09    25	2943	3					
ALLP	10    40	3000	3					
KYJ	11    50	3043	3					
QLN	12    35	3084	3					
TVC	14    20	3149	3					
22452								
CDG_BDTS_SF_EXP	24	1	0	0	1	0	0	0
CDG	05    40	0	1					
UMB	06    40	68	1					
KUN	07    36	143	1					
PNP	08    05	177	1					
DEC	10    02	271	1					
GGN	10    23	288	1					
RE	11    37	340	1					
NNL	12    18	391	1					
NMK	13    02	441	1					
RGS	13    53	488	1					
FL	15    05	555	1					
AII	16    40	635	1					
MJ	18    31	775	1					
FA	19    17	841	1					
ABR	21    20	940	1					
PNU	22    17	992	1					
MSH	23    12	1058	1					
ADI	01    30	1125	2					
ANND	02    25	1189	2					
BRC	03    17	1225	2					
BH	04    15	1295	2					
ST	05    20	1354	2					
BVI	08    34	1587	2					
BDTS	09    20	1605	2					
09002								
JAT_BDTS_SPL	18	0	0	1	0	0	0	0
JAT	23    15	0	1					
PTKC	01    05	100	2					
JRC	03    00	213	2					
LDH	04    05	265	2					
UMB	06    15	378	2					
NDLS	10    30	577	2					
MTJ	13    13	717	2					
SWM	15    32	934	2					
KOTA	16    50	1041	2					
RTM	21    10	1308	2					
DHD	22    40	1421	2					
GDA	23    52	1495	2					
BRC	01    10	1569	3					
BH	02    08	1639	3					
ST	03    10	1698	3					
VAPI	04    26	1791	3					
BVI	07    00	1931	3					
BDTS	07    35	1950	3					
12432								
TRIVNDRM_RJDHNI	19	1	0	1	1	0	0	0
NZM	10    55	0	1					
KOTA	15    40	458	1					
BRC	22    36	986	1					
BSR	03    15	1330	2					
PNVL	04    30	1397	2					
RN	09    15	1759	2					
SWV	11    12	1984	2					
MAO	12    42	2094	2					
KAWR	13    42	2176	2					
UD	16    20	2443	2					
MAJN	18    00	2524	2					
CAN	19    55	2661	2					
CLT	21    20	2750	2					
SRR	22    45	2836	2					
TCR	23    30	2869	2					
ERS	00    55	2943	3					
ALLP	01    52	3000	3					
QLN	03    15	3084	3					
TVC	04    55	3149	3					
19024								
FZR_BCT_JANTA	96	1	1	1	1	1	1	1
FZR	05    00	0	1					
FDK	05    27	33	1					
KKP	05    45	45	1					
GJUT	06    00	61	1					
GNA	06    16	76	1					
BTI	07    00	88	1					
MAUR	07    28	122	1					
KTKL	07    39	129	1					
MSZ	07    57	141	1					
BLZ	08    11	157	1					
BRZ	08    28	172	1					
JHL	08    45	186	1					
TUN	08    57	198	1					
NRW	09    20	224	1					
UCA	09    36	239	1					
JIND	10    00	258	1					
JNA	10    22	283	1					
ROK	11    00	315	1					
ISM	11    16	334	1					
SPZ	11    23	337	1					
BGZ	11    40	355	1					
NNO	11    55	368	1					
MGLP	12    04	371	1					
SSB	12    21	375	1					
DKZ	12    36	382	1					
NDLS	13    25	386	1					
NZM	13    47	393	1					
OKA	13    54	397	1					
TKD	14    04	404	1					
FDB	14    18	414	1					
BVH	14    31	422	1					
PWL	15    20	443	1					
KSV	15    52	486	1					
CHJ	16    05	496	1					
MTJ	17    05	527	1					
BTE	17    35	560	1					
BXN	18    15	602	1					
FSP	18    30	622	1					
HAN	18    50	635	1					
SMBJ	19    02	645	1					
GGC	19    45	679	1					
MLZ	20    20	713	1					
SWM	21    10	743	1					
IDG	21    40	779	1					
LKE	21    52	790	1					
KOTA	23    20	851	1					
RMA	00    25	923	2					
JHW	00    40	935	2					
BWM	01    15	951	2					
SGZ	01    47	984	2					
SVA	02    05	998	2					
CMU	02    30	1013	2					
VMA	03    38	1036	2					
MEP	04    15	1059	2					
NAD	04    45	1076	2					
KUH	05    03	1089	2					
RTM	06    00	1117	2					
BMI	06    39	1162	2					
THDR	07    04	1189	2					
MGN	07    14	1197	2					
DHD	07    45	1230	2					
LMK	08    13	1264	2					
PPD	08    22	1272	2					
SAT	08    33	1284	2					
GDA	09    35	1305	2					
DRL	09    56	1328	2					
SMLA	10    15	1352	2					
BRC	10    53	1379	2					
MYG	11    16	1408	2					
PLJ	11    29	1423	2					
NIU	11    41	1437	2					
BH	11    55	1449	2					
AKV	12    06	1458	2					
PAO	12    16	1468	2					
KSB	12    26	1476	2					
KIM	12    37	1484	2					
ST	13    35	1507	2					
MRL	13    57	1529	2					
NVS	14    13	1537	2					
AML	14    30	1552	2					
BIM	14    47	1558	2					
BL	15    15	1576	2					
PAD	15    27	1586	2					
UVD	15    37	1592	2					
VAPI	16    00	1600	2					
BLD	16    12	1613	2					
SJN	16    24	1625	2					
UBR	16    32	1630	2					
DRD	17    00	1650	2					
VGN	17    11	1663	2					
BOR	17    22	1671	2					
PLG	17    35	1683	2					
VR	18    10	1714	2					
BVI	18    50	1740	2					
DDR	19    52	1764	2					
BCT	20    10	1770	2					
12484								
ASR_KCVL_EXPRES	26	1	0	0	0	0	0	0
ASR	05    55	0	1					
BEAS	06    25	43	1					
JUC	07    10	79	1					
LDH	08    15	136	1					
UMB	10    15	250	1					
NDLS	13    40	448	1					
NZM	13    55	455	1					
KOTA	19    55	913	1					
BRC	04    29	1440	2					
ST	06    20	1569	2					
BSR	11    00	1784	2					
PNVL	12    30	1852	2					
CHI	16    34	2108	2					
MAO	22    20	2548	2					
UD	01    12	2898	3					
MAJN	03    10	2979	3					
KGQ	03    50	3030	3					
CAN	05    15	3116	3					
CLT	06    40	3205	3					
SRR	08    20	3291	3					
TCR	09    08	3324	3					
ERS	11    05	3398	3					
ALLP	12    03	3455	3					
KYJ	12    55	3498	3					
QLN	13    55	3539	3					
KCVL	15    15	3597	3					
12218								
KERLA_S_KRANTI	21	0	0	0	1	0	1	0
CDG	08    55	0	1					
UMB	10    20	68	1					
NDLS	13    40	266	1					
NZM	13    55	274	1					
KOTA	19    55	731	1					
BRC	04    29	1259	2					
BSR	11    00	1603	2					
PNVL	12    30	1670	2					
MAO	21    05	2367	2					
UD	00    52	2716	3					
MAJN	02    25	2797	3					
KGQ	03    05	2849	3					
CAN	04    20	2934	3					
CLT	05    50	3023	3					
SRR	08    05	3109	3					
TCR	08    36	3142	3					
ERS	10    20	3216	3					
ALLP	11    22	3273	3					
KYJ	12    22	3316	3					
QLN	13    20	3357	3					
KCVL	14    45	3415	3					
22660								
DDN_KCVL_SUP_EX	26	0	1	0	0	0	0	0
DDN	05    50	0	1					
HW	07    50	52	1					
RK	08    42	93	1					
DBD	10    31	153	1					
MOZ	10    53	177	1					
MTC	11    36	232	1					
GZB	12    32	280	1					
NZM	13    55	302	1					
KOTA	19    55	760	1					
BRC	04    29	1288	2					
ST	06    20	1417	2					
BSR	11    00	1632	2					
PNVL	12    30	1699	2					
MAO	22    20	2396	2					
UD	01    12	2745	3					
MAJN	03    10	2826	3					
KGQ	03    50	2877	3					
CAN	05    15	2963	3					
CLT	06    40	3052	3					
SRR	08    20	3138	3					
TCR	09    08	3171	3					
ERN	10    35	3243	3					
KTYM	11    45	3305	3					
CNGR	12    15	3339	3					
QLN	13    55	3401	3					
KCVL	15    15	3459	3					
12172								
HW_LTT_AC_SF	11	0	0	1	0	0	1	0
HW	18    50	0	1					
RK	19    40	42	1					
MTC	21    45	181	1					
NZM	00    10	251	2					
AGC	03    00	438	2					
JHS	06    10	653	2					
BPL	10    35	944	2					
BSL	16    45	1343	2					
NK	19    45	1600	2					
KYN	22    55	1734	2					
LTT	23    45	1771	2					
12138								
PUNJAB_MAIL	54	1	1	1	1	1	1	1
FZR	21    40	0	1					
FDK	22    07	33	1					
KKP	22    25	45	1					
GJUT	22    40	61	1					
GNA	22    56	76	1					
BTI	23    35	88	1					
MAUR	00    04	122	2					
MSZ	00    20	141	2					
BLZ	00    35	157	2					
BRZ	00    50	172	2					
JHL	01    04	186	2					
TUN	01    18	198	2					
NRW	01    40	224	2					
JIND	02    10	258	2					
ROK	03    00	315	2					
BGZ	03    32	355	2					
SSB	04    08	375	2					
DKZ	04    23	382	2					
NDLS	05    15	386	2					
FDB	05    46	414	2					
KSV	06    59	486	2					
MTJ	07    40	527	2					
RKM	08    18	577	2					
AGC	08    35	580	2					
DHO	09    35	633	2					
MRA	10    00	660	2					
GWL	10    36	699	2					
DBA	11    13	741	2					
DAA	11    38	771	2					
JHS	12    35	796	2					
BAB	13    00	821	2					
LAR	13    47	886	2					
BINA	14    50	949	2					
BAQ	15    25	994	2					
BHS	15    54	1034	2					
BPL	16    55	1087	2					
HBJ	17    07	1093	2					
HBD	18    07	1161	2					
ET	18    40	1179	2					
BPF	19    06	1212	2					
HD	19    39	1254	2					
KKN	20    06	1286	2					
KNW	21    45	1362	2					
BAU	22    35	1431	2					
BSL	23    35	1485	2					
JL	00    01	1510	3					
CSN	01    01	1602	3					
MMR	01    55	1669	3					
NK	02    50	1743	3					
DVL	03    00	1748	3					
IGP	04    30	1793	3					
KYN	06    25	1876	3					
DR	07    05	1921	3					
CSTM	7    35	1930	3					
12450	    							
GOA_SMPRK_K_EXP	14	0	1	0	0	0	0	1
CDG	01    30	0	1					
UMB	03    00	68	1					
PNP	04    16	177	1					
NDLS	06    20	266	1					
NZM	07    25	274	1					
KOTA	13    20	731	1					
BRC	21    46	1259	1					
BSR	03    40	1603	2					
PNVL	05    10	1670	2					
RN	09    45	2032	2					
PERN	12    10	2287	2					
THVM	12    24	2302	2					
KRMI	13    02	2327	2					
MAO	14    45	2367	2					

